7 81 24
bird.png
0 0
0
0
0
0
0
0
0
8192
32768
0
16384
0
0
0
24576
12288
24576
0
0
0
0
0
32
0
0 1
192
512
768
64
1024
3584
0
0
0
8
0
0
576
960
33792
33152
16640
3584
0
0
256
0
16384
0
0 2
0
0
0
13504
0
0
0
0
0
112
0
0
0
0
40
120
384
0
0
0
24612
4104
352
0
0 3
0
0
65536
64
0
0
0
0
0
8064
0
2944
0
0
12
0
0
0
640
1988
7682
16384
20
0
0 4
0
0
256
72
0
0
0
200
960
38912
0
0
0
0
0
0
0
0
0
0
192
15360
10240
0
0 5
0
0
0
0
0
0
0
16128
6144
61440
0
0
0
0
0
4096
0
0
0
0
124
192
3968
0
0 6
0
0
0
0
0
0
0
8192
32768
32768
16384
0
0
0
0
0
0
0
0
16
8
12
0
0
0 7
0
0
0
0
0
0
0
0
0
0
0
0
0
0
0
0
0
0
0
0
0
0
0
0
0 8
0
0
0
0
0
0
0
0
0
0
0
0
0
0
0
0
0
0
0
0
0
0
0
0
1 0
0
1544
384
0
0
192
0
2048
0
7168
256
0
5632
256
384
0
960
7808
0
768
64
128
0
0
1 1
1024
0
0
0
0
1024
0
560
0
0
0
0
0
48
12
8
0
0
0
0
16384
0
0
0
1 2
0
0
65600
65920
65536
0
0
0
4096
0
0
0
0
0
193
449
0
0
0
0
768
1792
0
0
1 3
0
256
0
0
0
512
0
0
0
0
0
0
0
8
0
0
0
0
0
160
0
0
0
0
1 4
0
0
0
0
0
1024
0
16
4
12
48
0
0
0
0
12
0
0
0
24576
32768
0
0
0
1 5
0
0
0
8
0
0
0
80
96
64
3904
11776
0
0
0
64
0
0
1216
4096
4096
30720
0
0
1 6
0
0
896
0
8
0
0
10752
5120
33792
11776
0
0
0
0
0
0
0
0
504
0
256
256
0
1 7
0
0
0
0
0
0
0
0
32768
32768
8192
0
0
0
0
0
0
0
0
48
12
0
16
0
1 8
0
0
0
0
0
0
0
0
0
0
0
0
0
0
0
0
0
0
0
0
0
0
0
0
2 0
0
4096
6144
0
0
0
0
0
28672
3584
56
256
0
0
72
7168
0
0
0
1536
8
112
64
0
2 1
0
0
65536
65536
0
0
0
0
8
8
0
0
128
0
0
0
0
0
0
4
2
4
0
0
2 2
0
0
0
49152
0
0
0
0
0
0
624
0
0
0
0
4
0
0
0
0
0
0
0
0
2 3
0
16384
0
0
0
0
0
0
0
0
0
0
0
0
0
0
0
0
0
0
0
0
0
0
2 4
0
0
0
0
0
0
0
0
0
0
0
0
0
0
0
0
0
0
0
0
0
0
0
0
2 5
0
0
0
0
0
192
0
0
6
2
0
0
0
0
0
0
0
0
0
0
0
0
0
0
2 6
0
0
0
0
128
0
1536
3840
64
112
112
0
0
0
0
0
0
0
0
12288
16384
4096
3584
0
2 7
0
0
96
0
0
0
0
0
22528
6144
1792
1536
0
0
0
0
0
0
0
960
128
120
0
0
2 8
0
24
0
0
0
0
0
0
0
0
0
0
0
0
0
0
12288
0
0
2
2
2
0
0
3 0
0
0
0
65600
0
0
1024
14336
3840
108
0
0
0
0
0
296
0
0
0
0
28672
896
3712
2624
3 1
0
32
0
2
0
0
0
8192
0
49152
12288
0
0
0
32768
32768
0
0
0
240
8
8
32
0
3 2
0
0
0
0
0
0
0
0
32
0
0
0
0
0
0
1024
0
0
0
0
0
0
0
0
3 3
0
0
0
0
0
0
0
0
120
0
0
0
0
0
0
96
48
0
0
0
0
28672
0
0
3 4
0
0
960
0
0
0
2816
3968
1792
0
0
0
0
0
0
0
0
0
0
0
0
5888
29184
0
3 5
0
512
0
0
0
0
0
0
24576
16384
0
0
0
0
0
8
0
0
0
0
56
104
128
0
3 6
32
0
0
0
0
0
0
32
4
4
0
0
0
0
0
0
0
0
0
0
65536
0
12
0
3 7
0
0
16480
64
0
0
0
0
30728
192
184
0
0
0
0
512
0
0
0
12800
3072
376
0
0
3 8
0
8
640
70
96
0
0
3328
8128
0
24576
0
0
0
4
224
24576
0
0
56
16384
21376
13600
128
4 0
0
0
0
0
0
0
0
224
0
60
0
0
0
0
0
0
0
0
0
8192
0
28672
4096
0
4 1
0
0
1184
0
464
0
2624
7936
1280
1024
896
2144
0
1792
0
0
0
0
2176
1280
256
1920
928
1664
4 2
0
0
264
0
0
0
0
0
16384
20480
8192
0
3072
192
64
128
1536
0
0
0
240
56
0
0
4 3
64
0
32768
32768
0
0
0
0
0
0
56
0
0
8
4
0
0
0
0
24576
0
0
12
0
4 4
0
0
0
0
0
0
0
32
24
0
192
0
0
256
0
0
0
0
224
2048
49152
16384
0
0
4 5
0
0
0
65600
0
0
0
32256
1536
768
7936
0
0
0
2048
512
0
0
512
704
0
1792
3552
0
4 6
0
0
0
0
0
0
0
0
16384
49152
12288
0
0
0
0
0
0
0
0
240
28
8
32
0
4 7
0
0
120
5504
0
0
0
0
8
12
0
0
0
0
0
16388
0
0
0
0
16384
1696
0
0
4 8
0
73728
708
116
32
256
0
8768
6880
32
240
64
0
56
0
224
0
4096
2560
57920
118784
27776
14544
0
5 0
0
0
0
0
0
4096
0
0
2
2
0
0
0
0
0
0
0
0
0
0
0
0
0
0
5 1
0
0
0
8
8192
0
0
224
56
16
224
0
0
136
0
0
0
0
0
4096
8192
0
10240
0
5 2
0
8
2048
0
0
0
0
9824
1536
768
3840
3328
0
0
0
12
0
0
1216
320
2048
768
5376
1152
5 3
0
0
0
0
0
0
0
0
16384
16384
12288
0
0
0
0
0
0
0
0
32
28
40
352
0
5 4
0
0
0
0
0
0
0
0
0
0
0
0
0
0
0
0
0
0
0
0
0
0
0
0
5 5
0
0
0
0
144
0
0
32512
32
8
32
0
0
18432
32
4
0
0
0
4096
16384
0
1792
0
5 6
0
0
65536
4
8
0
0
0
0
31744
960
320
0
12288
32768
0
128
0
2944
3584
128
0
0
0
5 7
0
0
64
55296
0
0
0
0
0
0
0
0
0
512
176
1024
12288
0
0
0
0
32768
0
0
5 8
0
24576
0
32
8
0
0
0
96
36
240
0
0
80
0
0
16
0
0
57344
4096
4096
0
0
6 0
0
0
0
0
0
0
0
0
0
0
0
0
0
0
0
0
0
0
0
0
0
0
0
0
6 1
0
0
0
0
0
0
0
4
0
0
8
0
0
0
0
0
0
0
0
0
0
0
0
0
6 2
0
0
0
16384
0
0
0
144
48
60
48
0
0
0
0
8
0
0
0
0
8192
8192
3072
0
6 3
0
0
256
4
0
0
0
10752
7168
512
1984
6112
0
0
0
0
0
0
15712
512
512
2496
1208
0
6 4
0
0
0
0
0
0
0
0
0
32768
8192
0
0
0
0
0
24576
0
0
48
12
24
0
0
6 5
0
0
0
0
24
0
0
320
0
0
0
0
0
31744
0
0
0
0
0
0
0
98304
12288
2176
6 6
0
0
40
0
704
0
0
0
0
896
16
0
384
1792
2048
6144
0
0
0
8192
3072
0
0
0
6 7
4608
0
1024
0
0
0
0
0
0
0
0
0
0
0
56
192
256
0
0
0
4
0
0
0
6 8
0
0
0
0
0
0
0
0
0
0
0
0
0
0
0
0
0
0
4096
0
0
0
0
0
7 0
0
0
0
0
0
0
0
0
0
0
0
0
0
0
0
0
0
0
0
0
0
0
0
0
7 1
0
0
0
0
0
0
0
0
0
0
0
0
0
0
0
0
0
0
0
0
0
0
0
0
7 2
0
0
0
0
0
0
0
4
0
0
8
0
0
8
0
0
0
0
0
0
0
0
0
0
7 3
0
0
0
0
0
0
0
32512
64
96
0
0
0
16384
0
4
0
0
0
6144
0
0
1984
0
7 4
0
0
0
0
0
0
0
0
0
30720
3840
2688
0
0
0
0
0
0
3424
3008
96
8
0
0
7 5
0
0
0
0
192
0
0
0
0
0
0
0
0
6120
4096
16384
0
0
0
0
0
0
0
0
7 6
0
0
0
0
0
512
0
0
0
4
0
0
0
192
128
248
1536
1024
0
0
768
0
0
0
7 7
0
0
0
0
0
0
0
0
0
0
0
0
0
0
4
12
0
0
0
0
0
0
0
0
7 8
0
0
0
0
0
0
0
0
0
0
0
0
0
0
0
0
0
0
0
0
0
0
0
0
8 0
0
0
0
0
0
0
0
0
0
0
0
0
0
0
0
0
0
0
0
0
0
0
0
0
8 1
0
0
0
0
0
0
0
0
0
0
0
0
0
0
0
0
0
0
0
0
0
0
0
0
8 2
0
0
0
0
0
0
0
0
0
0
0
0
0
0
0
0
0
0
0
0
0
0
0
0
8 3
0
4
2
0
5688
0
0
896
12
0
0
0
0
7168
0
65536
0
0
0
0
0
32768
3072
0
8 4
0
224
1344
12
0
0
0
0
0
1536
56
0
0
0
16384
1024
3072
0
0
12288
1552
0
0
0
8 5
2048
1536
0
0
0
5632
0
0
0
0
0
0
0
504
768
512
480
0
0
0
256
0
0
0
8 6
0
0
16384
0
0
0
0
0
0
0
0
0
0
0
8
28
0
0
0
0
4
0
0
0
8 7
0
0
0
0
0
0
0
0
0
0
0
0
0
0
0
0
0
0
0
0
0
0
0
0
8 8
0
0
0
0
0
0
0
0
0
0
0
0
0
0
0
0
0
0
0
0
0
0
0
0
arrow.png
0 0
0
0
0
0
0
0
0
0
0
0
0
0
0
0
0
0
0
0
0
0
0
0
0
0
0 1
0
0
0
0
0
0
0
0
0
0
0
0
0
0
0
0
0
0
0
0
0
0
0
0
0 2
0
0
0
0
120
0
0
0
8
0
0
0
0
31744
0
0
0
0
0
0
0
0
0
0
0 3
0
0
248
0
0
0
0
0
2040
0
0
0
0
0
0
128
0
0
0
0
0
0
0
0
0 4
0
0
0
0
0
0
0
0
65528
0
0
0
0
0
0
0
0
0
0
0
0
0
0
0
0 5
0
0
0
0
0
0
0
0
65280
0
0
0
0
0
30720
0
0
0
0
0
0
1024
0
0
0 6
0
248
0
0
0
0
0
0
49152
16384
0
0
0
0
0
0
30720
0
0
0
32
0
0
0
0 7
0
0
0
0
0
0
0
0
0
0
0
0
0
0
0
0
0
0
0
0
0
0
0
0
0 8
0
0
0
0
0
0
0
0
0
0
0
0
0
0
0
0
0
0
0
0
0
0
0
0
1 0
0
0
0
0
0
0
0
0
0
0
0
0
0
0
0
0
0
0
0
0
0
0
0
0
1 1
0
0
0
0
0
0
0
0
0
0
0
0
0
0
0
0
0
0
0
0
0
0
0
0
1 2
0
0
0
0
16376
0
0
0
0
0
8
0
0
32752
0
0
0
0
0
0
0
0
0
0
1 3
0
0
16376
0
0
0
0
0
0
0
1016
0
0
0
0
0
0
0
0
0
0
0
0
0
1 4
0
0
0
0
0
0
0
0
0
0
65528
0
0
0
0
0
0
0
0
0
0
0
0
0
1 5
0
0
0
0
0
0
0
0
0
0
65280
0
0
0
32736
0
0
0
0
0
0
0
0
0
1 6
0
16376
0
0
0
0
0
0
0
0
49152
0
0
0
0
0
32736
0
0
0
0
0
0
0
1 7
0
0
0
0
0
0
0
0
0
0
0
0
0
0
0
0
0
0
0
0
0
0
0
0
1 8
0
0
0
0
0
0
0
0
0
0
0
0
0
0
0
0
0
0
0
0
0
0
0
0
2 0
0
0
0
0
0
0
0
0
0
0
0
0
0
0
0
0
0
0
0
0
0
0
0
0
2 1
0
0
0
0
0
0
0
0
0
0
0
0
0
0
0
0
0
0
0
0
0
0
0
0
2 2
0
0
0
0
32760
0
0
0
0
0
0
0
0
32760
0
0
0
0
0
0
0
0
0
0
2 3
0
0
65528
0
0
0
0
0
0
0
0
0
0
0
0
0
0
0
0
0
0
0
0
0
2 4
0
0
0
0
0
0
0
0
0
0
0
0
0
0
0
0
0
0
0
0
0
0
0
0
2 5
0
0
0
0
0
0
0
0
0
0
0
0
0
0
32764
0
0
0
0
0
0
0
0
0
2 6
0
32760
0
0
0
0
0
0
0
0
0
0
0
0
0
0
32760
0
0
0
0
0
0
0
2 7
0
0
0
0
0
0
0
0
0
0
0
0
0
0
0
0
0
0
0
0
0
0
0
0
2 8
0
0
0
0
0
0
0
0
0
0
0
0
0
0
0
0
0
0
0
0
0
0
0
0
3 0
0
0
0
0
0
0
0
0
0
0
0
0
0
0
0
0
0
0
0
0
0
0
0
0
3 1
0
0
0
0
0
0
0
0
0
0
0
0
0
0
0
0
0
0
0
0
0
0
0
0
3 2
0
0
0
0
32760
0
0
0
0
0
0
0
0
32760
0
0
0
0
0
0
0
0
0
0
3 3
0
0
65528
0
0
0
0
0
0
0
0
0
0
0
0
0
0
0
0
0
0
0
0
0
3 4
0
0
0
0
0
0
0
0
0
0
0
0
0
0
0
0
0
0
0
0
0
0
0
0
3 5
0
0
0
0
0
0
0
0
0
0
0
0
0
0
32764
0
0
0
0
0
0
0
0
0
3 6
0
32760
0
0
0
0
0
0
0
0
0
0
0
0
0
0
32760
0
0
0
0
0
0
0
3 7
0
0
0
0
0
0
0
0
0
0
0
0
0
0
0
0
0
0
0
0
0
0
0
0
3 8
0
0
0
0
0
0
0
0
0
0
0
0
0
0
0
0
0
0
0
0
0
0
0
0
4 0
0
0
0
0
0
0
0
0
0
0
0
0
0
0
0
0
0
0
0
0
0
0
0
0
4 1
0
0
0
0
0
0
3584
3840
0
0
0
0
0
8192
1024
0
0
0
0
0
0
0
1792
0
4 2
0
0
0
0
32256
0
0
0
20480
4096
0
0
0
248
0
32
512
0
0
0
64
88
672
0
4 3
0
0
65296
8
0
0
0
0
8
0
0
0
0
0
28672
20608
0
0
0
2
0
2
0
0
4 4
0
776
512
0
0
0
1024
1408
1792
0
0
0
0
8192
0
384
128
2048
0
0
0
3104
8704
0
4 5
0
0
0
0
0
0
0
0
62336
20480
0
0
0
0
1020
16384
2048
0
0
0
96
120
0
0
4 6
0
32256
56
32
0
0
0
0
64
0
3072
0
0
0
2048
4096
504
0
0
4
32
4096
0
0
4 7
448
768
0
0
0
0
0
0
0
4096
0
0
0
0
0
0
384
1984
0
0
128
0
0
0
4 8
0
0
0
0
0
0
0
0
0
0
0
0
0
0
0
0
0
0
0
0
0
0
0
0
5 0
0
0
0
0
0
0
0
0
0
0
0
0
0
0
0
0
0
0
0
0
0
0
0
0
5 1
0
0
0
0
0
0
0
96
8
0
0
0
0
80
0
0
0
0
0
0
32768
0
8192
0
5 2
0
0
0
0
0
512
0
11520
1792
768
928
0
0
0
4096
130
8
0
0
3328
3584
2816
11776
1792
5 3
0
0
32768
1920
0
0
704
10240
52480
49152
12296
0
6400
128
4512
0
8192
0
0
96
16
16
24800
0
5 4
0
1424
4
4
0
0
0
12384
49160
24
13120
0
0
6368
16392
16392
14368
0
0
12352
49168
32792
4032
0
5 5
0
448
196
12
32
0
0
0
0
392
30592
0
0
6144
8204
18048
1536
0
0
2816
2048
0
24
0
5 6
0
224
384
0
0
0
0
0
0
0
0
0
0
224
160
768
19968
512
0
0
0
0
0
0
5 7
0
0
0
0
0
0
0
0
0
0
0
0
0
0
0
12
16
0
0
0
0
0
0
0
5 8
0
0
0
0
0
0
0
0
0
0
0
0
0
0
0
0
0
0
0
0
0
0
0
0
6 0
0
0
0
0
0
0
0
0
0
0
0
0
0
0
0
0
0
0
0
0
0
0
0
0
6 1
0
0
0
0
0
0
0
0
1
0
0
0
0
0
0
0
0
0
0
0
0
0
0
0
6 2
0
0
0
16384
0
0
0
480
0
28
16
0
0
0
0
0
0
0
0
6144
57344
16384
7168
0
6 3
0
0
0
32768
0
0
0
5632
6264
3112
1792
768
0
0
64
2048
64
0
4096
3872
16768
13248
2384
0
6 4
0
8192
0
194
0
0
0
0
0
1024
0
192
640
9232
32768
32768
192
0
0
2640
772
4
16
0
6 5
0
32
4160
192
0
832
0
0
0
0
0
0
416
960
1592
1080
15360
0
0
0
12
0
0
0
6 6
0
1024
65536
65536
0
0
0
0
0
0
0
0
0
0
16
36
240
0
0
0
0
0
0
0
6 7
0
0
131072
131072
0
0
0
0
0
0
0
0
0
0
0
0
0
0
0
0
0
0
0
0
6 8
0
0
0
0
0
0
0
0
0
0
0
0
0
0
0
0
0
0
0
0
0
0
0
0
7 0
0
0
0
0
0
0
0
0
0
0
0
0
0
0
0
0
0
0
0
0
0
0
0
0
7 1
0
0
0
0
0
0
0
0
0
0
0
0
0
0
0
0
0
0
0
0
0
0
0
0
7 2
0
0
0
0
0
0
0
0
6
0
0
0
0
0
0
0
0
0
0
0
65536
0
32768
0
7 3
0
0
32768
2048
0
0
8000
3968
448
64
112
0
0
0
0
0
0
0
0
12288
10240
14336
9216
0
7 4
0
0
24
32
224
0
0
0
12288
4096
7168
0
0
3584
2048
20480
1024
0
1664
968
96
96
0
0
7 5
832
896
0
0
0
0
0
0
0
0
0
0
0
48
96
64
384
640
0
0
0
0
4
0
7 6
0
0
0
0
0
0
0
0
0
0
0
0
0
0
2
2
0
0
0
0
0
0
0
0
7 7
0
0
0
0
0
0
0
0
0
0
0
0
0
0
0
0
0
0
0
0
0
0
0
0
7 8
0
0
0
0
0
0
0
0
0
0
0
0
0
0
0
0
0
0
0
0
0
0
0
0
8 0
0
0
0
0
0
0
0
0
0
0
0
0
0
0
0
0
0
0
0
0
0
0
0
0
8 1
0
0
0
0
0
0
0
0
0
0
0
0
0
0
0
0
0
0
0
0
0
0
0
0
8 2
0
0
0
0
0
0
0
0
0
0
0
0
0
0
0
0
0
0
0
0
0
0
0
0
8 3
0
0
0
0
0
0
0
32
8
8
0
0
0
0
0
0
0
0
0
24576
32768
32768
8192
0
8 4
0
0
0
0
0
3072
0
0
0
768
1952
0
0
240
416
0
0
0
0
11264
3072
0
0
0
8 5
0
0
0
0
0
0
0
0
0
0
0
0
0
0
0
12
16
0
0
0
4
0
0
0
8 6
0
0
0
0
0
0
0
0
0
0
0
0
0
0
0
0
0
0
0
0
0
0
0
0
8 7
0
0
0
0
0
0
0
0
0
0
0
0
0
0
0
0
0
0
0
0
0
0
0
0
8 8
0
0
0
0
0
0
0
0
0
0
0
0
0
0
0
0
0
0
0
0
0
0
0
0
house.png
0 0
0
0
0
0
0
0
0
0
0
0
0
0
0
0
0
0
0
0
0
0
0
0
0
0
0 1
0
0
0
0
0
0
0
0
0
0
0
0
0
0
0
0
0
0
0
0
0
0
0
0
0 2
0
0
0
0
0
0
0
0
0
0
0
0
0
0
0
0
0
0
0
0
0
0
0
0
0 3
0
0
24
48
0
0
0
0
8
0
0
0
0
3072
2048
2048
6144
0
0
0
0
0
0
0
0 4
832
896
0
0
0
0
0
0
0
0
0
0
0
0
64
31808
128
0
0
0
0
0
0
0
0 5
0
0
0
0
0
0
0
0
0
0
0
0
0
0
0
0
0
0
0
16
0
0
0
0
0 6
0
0
0
0
0
0
0
0
0
0
0
0
0
0
0
0
0
0
0
0
0
0
0
0
0 7
0
0
0
0
0
0
0
0
0
0
0
0
0
0
0
0
0
0
0
0
0
0
0
0
0 8
0
0
0
0
0
0
0
0
0
0
0
0
0
0
0
0
0
0
0
0
0
0
0
0
1 0
0
0
0
120
0
0
0
0
248
0
0
0
0
0
0
0
0
0
0
0
0
0
0
0
1 1
0
120
0
0
0
0
0
0
16376
0
0
0
0
0
65536
65536
0
0
0
0
0
0
0
0
1 2
0
0
8
16
0
0
0
0
65472
0
0
0
0
6144
6144
4096
4096
0
0
0
0
0
0
0
1 3
128
256
768
0
0
512
1024
0
61440
0
0
0
0
208
128
128
640
128
0
0
0
0
0
0
1 4
0
8192
0
0
0
0
0
0
16384
0
0
0
0
0
4
32764
8
0
0
0
0
0
31744
0
1 5
0
0
0
0
0
0
0
0
0
0
0
0
0
0
0
0
0
0
0
0
0
0
32760
0
1 6
0
0
0
0
0
0
0
0
0
0
0
0
0
0
0
0
0
0
0
0
0
0
32764
0
1 7
0
0
0
0
0
0
0
0
0
0
0
0
0
0
0
0
0
0
0
0
0
0
32764
0
1 8
0
0
0
0
0
0
0
0
0
0
0
0
0
0
0
0
0
0
0
0
0
0
508
0
2 0
0
0
0
16320
0
0
0
504
0
0
248
0
0
16
0
0
0
0
0
0
0
0
0
0
2 1
0
8128
8
8
32
0
0
32256
0
0
16376
0
0
4096
4096
20480
4096
0
0
0
0
0
0
0
2 2
0
408
0
0
0
768
0
0
0
0
65472
0
896
128
128
128
416
2080
0
0
0
0
0
0
2 3
0
0
16384
0
0
0
0
96
0
0
57344
0
0
0
4
8
0
0
0
0
0
0
0
0
2 4
0
0
0
0
0
0
0
240
0
768
0
0
0
24576
0
30972
0
0
0
0
1024
0
0
0
2 5
0
0
0
0
0
0
0
31744
0
0
0
0
0
0
0
16384
0
0
0
0
0
64
0
0
2 6
0
0
0
0
0
0
0
0
0
0
0
0
0
0
0
0
0
0
0
0
0
0
0
0
2 7
0
0
0
0
0
0
0
0
0
0
0
0
0
32256
0
0
0
0
0
0
0
16384
0
0
2 8
0
0
0
0
0
0
0
0
0
0
0
0
0
0
0
0
0
0
0
0
512
0
0
0
3 0
0
0
12
61448
0
0
0
0
0
504
0
0
0
4096
4096
12288
0
0
0
0
0
0
0
0
3 1
0
24712
128
128
0
576
0
0
0
65280
0
0
128
128
0
256
768
3840
0
0
0
0
0
0
3 2
0
0
0
0
0
0
0
0
0
32768
0
0
0
0
8
12
0
0
0
0
0
0
0
0
3 3
0
0
0
0
0
0
0
0
0
0
0
0
0
0
0
0
0
0
0
0
0
0
0
0
3 4
0
0
0
0
0
0
0
0
0
0
0
0
0
896
0
8160
0
0
0
0
0
7552
0
0
3 5
0
0
64
0
56
0
0
0
0
0
0
0
0
0
4096
896
0
0
0
0
8
28792
0
0
3 6
0
0
56
0
0
0
0
0
0
0
0
0
0
0
0
0
0
0
0
0
0
32704
0
0
3 7
0
0
0
0
0
0
0
0
0
0
0
0
0
29692
0
0
0
0
0
0
0
8188
0
0
3 8
0
0
0
0
0
0
0
0
4096
0
0
0
0
0
0
0
0
0
0
0
0
124
0
0
4 0
0
0
0
384
32
0
0
4864
1792
0
0
0
288
256
2304
0
0
0
0
0
0
5120
4608
0
4 1
0
0
4096
0
0
0
0
6144
16384
16384
12288
0
0
0
12
8
48
0
0
0
32
8
448
0
4 2
0
0
0
0
0
0
0
0
0
0
0
0
0
0
0
0
0
0
0
0
0
0
0
0
4 3
0
0
0
0
0
0
0
0
0
0
0
0
0
0
0
0
0
0
0
0
0
0
0
0
4 4
0
0
0
0
0
0
0
0
0
0
0
0
0
12
0
60
0
0
0
7168
0
0
0
0
4 5
0
0
0
0
4064
0
0
0
0
0
0
0
0
32
0
12
0
0
0
24688
0
0
0
0
4 6
0
0
4032
0
0
0
0
0
0
0
0
0
0
0
8
0
0
0
0
32704
0
0
0
0
4 7
0
0
0
0
0
0
0
0
0
8
0
0
0
4044
0
16384
0
0
0
8184
0
0
0
0
4 8
0
0
0
0
0
0
0
0
0
0
0
0
0
0
0
0
256
0
0
56
0
0
0
0
5 0
0
0
0
32768
0
0
0
192
56
56
192
0
0
0
32
0
0
0
0
12288
16384
49152
0
0
5 1
0
0
0
0
16
0
0
11392
3584
1536
10112
4608
0
0
0
512
32
0
0
5696
1024
3840
1024
896
5 2
0
0
0
0
0
0
0
4096
16384
32768
8192
0
0
0
0
0
8192
0
0
0
52
32
224
0
5 3
0
0
0
0
0
0
0
0
0
0
0
0
0
0
0
0
0
0
0
0
0
1
0
0
5 4
0
0
0
0
0
0
0
0
0
0
0
0
0
0
0
0
0
0
0
0
0
0
0
0
5 5
0
0
0
0
28672
0
0
0
0
56
0
0
0
0
0
0
0
0
0
0
0
0
0
0
5 6
0
0
61440
0
0
0
0
0
0
4088
0
0
0
0
0
0
0
0
0
0
0
0
0
0
5 7
0
0
0
0
0
0
0
0
0
65520
0
0
0
32572
0
0
0
0
0
0
0
0
0
0
5 8
0
0
0
0
0
0
0
0
0
64512
0
0
0
0
0
0
0
0
0
0
0
0
0
0
6 0
0
0
0
0
0
0
0
0
2
2
0
0
0
0
0
0
0
0
0
0
0
0
0
0
6 1
0
0
0
16384
0
0
0
48
112
48
208
0
0
512
0
0
0
0
0
4096
49152
16384
4096
0
6 2
0
0
0
0
0
0
0
10560
3072
3072
768
2816
0
0
0
1024
0
0
4608
3456
768
768
10240
1152
6 3
0
0
0
0
0
0
0
12288
32768
32768
8192
0
0
2048
0
0
8192
0
0
32
28
16
192
0
6 4
0
0
128
0
0
0
0
0
0
0
0
0
0
0
0
32256
0
0
0
0
0
0
0
0
6 5
0
0
0
0
0
0
0
0
0
0
0
0
0
0
0
0
0
0
0
0
0
0
0
0
6 6
0
0
0
0
0
0
0
0
0
0
0
0
0
0
0
0
0
0
0
0
0
0
0
0
6 7
0
0
0
0
0
0
0
0
0
0
0
0
0
508
0
0
0
0
0
0
0
0
0
0
6 8
0
0
128
0
0
0
0
0
0
0
0
0
0
0
0
384
0
0
0
0
0
0
0
0
7 0
0
0
0
0
0
0
0
0
0
0
0
0
0
0
0
0
0
0
0
0
0
0
0
0
7 1
0
0
0
0
0
0
0
0
2
2
0
0
0
0
0
0
0
0
0
0
0
0
0
0
7 2
0
0
0
0
0
0
0
320
96
96
480
0
0
0
0
8
0
0
0
10240
8192
24576
6144
0
7 3
0
0
0
0
0
0
0
1472
7168
7168
2816
0
4800
32768
16384
65536
0
0
1952
2880
768
1920
2720
0
7 4
0
0
0
0
0
0
0
8192
32768
32768
16632
0
0
0
8
32760
16384
0
0
16
8
8
64
0
7 5
0
0
0
0
0
0
0
0
0
0
32760
0
0
0
0
0
0
0
0
0
0
0
0
0
7 6
0
0
0
0
0
0
0
0
0
0
65528
0
0
0
0
0
0
0
0
0
0
0
0
0
7 7
0
0
0
0
0
0
0
0
0
0
65528
0
1152
0
0
0
0
0
0
0
0
0
0
0
7 8
0
0
0
0
0
0
0
0
0
0
64512
0
0
16
0
0
0
0
0
0
0
0
0
0
8 0
0
0
0
0
0
0
0
0
0
0
0
0
0
0
0
0
0
0
0
0
0
0
0
0
8 1
0
0
0
0
0
0
0
0
0
0
0
0
0
0
0
0
0
0
0
0
0
0
0
0
8 2
0
0
0
0
0
0
0
0
0
0
0
0
0
16
0
0
0
0
0
0
0
131072
0
0
8 3
0
0
0
0
0
0
0
656
224
64
112
0
0
0
128
16
0
0
0
11264
49152
12288
0
0
8 4
0
0
64
0
0
0
0
0
2048
6144
9728
0
0
0
0
2300
0
0
2688
3792
384
0
0
0
8 5
0
0
0
0
0
0
0
0
0
0
0
0
0
0
0
0
0
0
0
0
0
0
0
0
8 6
0
0
0
0
0
0
0
0
0
0
0
0
0
0
0
0
0
0
0
0
0
0
0
0
8 7
0
0
0
0
0
0
0
0
0
0
0
0
0
0
0
0
0
0
0
0
0
0
0
0
8 8
0
0
0
0
0
0
0
0
0
0
0
0
0
0
0
0
0
0
0
0
0
0
0
0
star.png
0 0
0
0
0
0
0
0
0
0
0
0
0
0
0
0
0
0
0
0
0
0
0
0
0
0
0 1
0
0
0
0
0
0
0
0
0
0
0
0
0
0
0
0
0
0
0
0
0
0
0
0
0 2
0
0
0
0
0
0
0
0
0
0
0
0
0
0
0
0
0
0
0
0
0
0
0
0
0 3
0
0
128
576
32
0
0
13824
128
0
0
0
0
0
256
0
0
0
0
0
1536
7680
5120
0
0 4
0
256
0
0
0
0
0
4096
16384
16384
0
0
0
0
0
0
0
0
0
128
60
88
288
0
0 5
0
0
0
0
0
0
0
0
0
0
0
0
0
0
0
0
0
0
0
0
0
0
0
0
0 6
0
0
0
0
0
0
0
0
0
0
0
0
0
0
0
0
0
0
0
0
0
0
0
0
0 7
0
0
0
0
0
0
0
0
0
0
0
0
0
0
0
0
0
0
0
0
0
0
0
0
0 8
0
0
0
0
0
0
0
0
0
0
0
0
0
0
0
0
0
0
0
0
0
0
0
0
1 0
0
0
0
0
0
0
0
0
0
0
0
0
0
0
0
0
0
0
0
0
0
0
0
0
1 1
0
0
0
0
0
0
0
0
0
0
0
0
0
0
0
0
0
0
0
0
0
0
0
0
1 2
0
0
0
0
0
0
0
0
0
0
0
0
0
8192
0
0
0
0
0
0
0
0
0
0
1 3
0
0
0
0
0
0
0
144
48
32
64
0
0
512
0
1024
0
0
0
8192
16384
16384
4096
0
1 4
0
0
0
128
0
0
0
10304
1792
1024
9856
0
0
0
8192
0
0
0
0
3648
1792
1792
8576
1536
1 5
0
0
0
0
0
0
0
8192
32768
32768
8192
0
0
0
0
65536
24576
0
0
16
24
0
16448
0
1 6
0
16
0
0
0
0
0
24
0
0
0
0
0
0
0
16384
3584
0
0
0
0
0
1664
0
1 7
0
192
4
4
16
0
0
1408
0
0
0
0
0
0
24576
22528
448
256
0
0
0
28672
12
0
1 8
2048
6256
96
0
0
0
0
16384
16384
0
0
0
0
0
0
0
18544
0
0
0
0
448
0
0
2 0
0
0
0
0
0
0
0
0
0
0
0
0
0
0
0
0
0
0
0
0
0
0
0
0
2 1
0
0
0
0
0
0
0
0
0
0
0
0
0
0
0
0
0
0
0
0
0
0
0
0
2 2
0
0
0
0
0
0
0
0
0
0
0
0
0
0
0
32768
12288
0
0
0
0
0
0
0
2 3
0
0
8
0
0
0
0
0
2
2
0
0
0
8
0
0
2560
128
0
0
0
0
64
0
2 4
4416
0
0
0
0
0
0
768
64
96
240
0
0
1024
0
8
0
0
0
10240
8192
16384
7168
0
2 5
0
0
704
24
0
0
0
0
1152
6144
10240
1024
0
0
7168
0
0
0
5120
3328
25472
0
0
0
2 6
0
0
1536
194
0
0
0
0
16384
56
0
0
0
14336
33664
32888
0
0
0
0
704
0
0
0
2 7
0
32
96
576
1088
0
0
0
32
2048
0
0
0
3840
1384
1032
15360
0
0
31744
4
0
0
0
2 8
3584
1536
2048
0
0
0
0
0
0
0
0
0
0
0
12
32
96
0
0
368
0
0
0
0
3 0
0
0
4
0
0
0
0
8240
0
0
0
0
0
0
16384
28672
0
0
0
0
0
0
0
6144
3 1
0
1792
56
8
0
0
0
104448
0
0
0
0
0
0
28672
1024
760
128
0
0
0
1536
32
0
3 2
0
0
384
56
0
0
0
0
768
0
0
0
0
0
3072
448
32
0
0
0
6144
8
0
0
3 3
0
0
1024
0
0
0
0
0
32768
0
0
0
0
0
128
124
0
0
0
0
96
0
0
0
3 4
0
0
0
0
0
0
0
0
4
4
8
0
0
16
0
0
0
0
0
0
0
0
0
0
3 5
0
0
32768
0
0
736
0
0
0
0
984
0
0
48
0
0
0
0
0
8192
0
0
0
0
3 6
0
0
16
65584
224
0
0
0
16384
0
16384
0
0
1538
2048
6144
0
0
0
0
0
0
16
0
3 7
0
896
512
131072
0
0
0
0
65536
0
65536
0
0
48
96
64
384
384
0
0
4
4
0
0
3 8
0
0
0
0
0
0
0
0
0
0
0
0
0
0
2
2
0
0
0
0
0
0
0
0
4 0
0
0
0
0
48
0
0
0
112
0
0
0
0
7168
128
0
0
0
0
24576
0
24576
0
0
4 1
0
0
0
0
0
0
0
48
896
30720
2072
0
7424
448
60
1032
512
0
0
704
320
7680
1024
0
4 2
0
0
128
0
0
224
1024
3064
28672
53248
3584
0
0
16
6
0
0
0
0
4
60
1920
12288
0
4 3
0
0
0
65536
0
0
0
3072
49152
0
32768
0
0
0
0
0
0
0
0
0
8
60
0
0
4 4
0
0
0
0
0
0
0
0
0
0
0
0
0
0
0
0
0
0
0
8
0
4
0
0
4 5
0
0
0
0
0
0
0
0
0
0
0
0
0
0
0
0
0
0
0
0
0
0
0
0
4 6
0
0
0
1024
0
7680
896
848
960
0
0
0
0
16608
128
0
0
0
0
0
2048
3072
3840
0
4 7
0
0
32
0
0
0
0
0
8192
8192
14336
0
0
0
4
4
2064
0
0
256
96
120
672
0
4 8
0
0
0
0
0
0
0
0
0
0
0
0
0
0
0
0
0
0
0
0
0
0
0
0
5 0
0
0
0
0
0
0
0
0
0
6
28
0
0
0
0
0
0
0
0
0
0
0
0
0
5 1
0
0
0
0
0
0
0
0
0
12
240
128
0
0
0
8
0
0
0
24576
0
0
0
0
5 2
0
0
0
0
0
0
0
0
0
104
15872
2048
0
0
0
0
16
0
2368
7168
57344
0
0
0
5 3
0
0
0
0
0
0
0
0
0
1792
25088
0
0
0
0
0
0
0
0
1520
0
0
0
0
5 4
0
0
4
4
0
0
0
0
0
0
0
0
0
0
24576
16384
0
0
0
0
0
16384
0
0
5 5
0
224
32
0
0
0
0
504
0
0
0
0
0
0
0
0
1792
1536
0
0
0
3968
10496
0
5 6
0
0
0
32
0
0
0
4064
49160
16412
64
0
0
0
8
0
0
0
0
8192
32776
32860
28160
0
5 7
0
0
0
0
0
0
0
28160
69120
67072
4864
1312
0
0
0
0
8208
0
0
11520
1024
3852
11744
768
5 8
0
0
0
0
0
0
0
0
16384
32768
8192
0
0
0
0
0
0
0
0
112
16
42
44
0
6 0
0
0
0
0
0
0
0
0
0
0
0
0
0
0
0
0
0
0
0
0
0
0
0
0
6 1
0
0
0
0
0
0
0
0
0
0
0
0
0
0
0
0
0
0
0
0
0
0
0
0
6 2
0
0
0
0
0
0
0
0
0
0
0
0
0
0
0
0
0
0
0
0
0
0
0
0
6 3
0
0
0
2
8
0
0
0
0
0
0
0
0
4096
49152
32768
0
0
0
0
0
256
0
0
6 4
0
96
104
64
8
0
0
0
0
0
0
0
0
896
768
1024
3072
0
0
64
0
0
0
0
6 5
1024
1024
2048
0
0
0
0
0
40
112
0
0
0
32
16
48
112
0
0
15360
49152
16384
0
0
6 6
0
0
0
0
0
0
0
70
184
896
14336
0
0
0
0
0
64
0
0
496
30720
16384
0
0
6 7
0
0
0
16384
512
0
0
256
216
64624
112
0
0
0
2112
4
0
0
0
4152
50688
25600
7168
0
6 8
0
8192
512
0
0
0
0
0
7168
61440
1792
2816
0
0
0
0
0
0
512
3840
920
0
0
0
7 0
0
0
0
0
0
0
0
0
0
0
0
0
0
0
0
0
0
0
0
0
0
0
0
0
7 1
0
0
0
0
0
0
0
0
0
0
0
0
0
0
0
0
0
0
0
0
0
0
0
0
7 2
0
0
0
0
0
0
0
4
0
2
0
0
0
0
0
0
0
0
0
0
0
0
0
0
7 3
0
0
32
32
192
0
0
256
4096
0
0
0
512
1792
1024
0
0
0
0
0
0
0
0
0
7 4
0
1792
0
0
0
0
0
32768
0
0
0
0
0
48
48
64
192
0
128
0
8
0
0
0
7 5
0
0
0
0
0
0
0
0
0
0
0
0
0
0
0
0
0
0
0
0
0
0
0
0
7 6
0
0
0
0
0
0
0
0
0
0
0
0
0
0
0
0
0
0
0
0
0
0
0
0
7 7
0
0
0
0
0
0
0
0
0
8
56
0
0
16
8
0
0
0
0
0
0
0
65536
0
7 8
0
0
0
0
0
0
0
0
0
0
1600
12288
0
0
0
0
0
0
0
0
0
0
0
0
8 0
0
0
0
0
0
0
0
0
0
0
0
0
0
0
0
0
0
0
0
0
0
0
0
0
8 1
0
0
0
0
0
0
0
0
0
0
0
0
0
0
0
0
0
0
0
0
0
0
0
0
8 2
0
0
0
0
0
0
0
0
0
0
0
0
0
0
0
0
0
0
0
0
0
0
0
0
8 3
0
0
0
18432
0
0
0
0
0
384
0
0
0
352
0
0
0
0
0
0
0
0
0
0
8 4
0
0
0
0
0
0
0
0
0
32768
0
0
0
0
0
2
0
0
0
0
0
0
0
0
8 5
0
0
0
0
0
0
0
0
0
0
0
0
0
0
0
0
0
0
0
0
0
0
0
0
8 6
0
0
0
0
0
0
0
0
0
0
0
0
0
0
0
0
0
0
0
0
0
0
0
0
8 7
0
0
0
0
0
0
0
0
0
0
0
0
0
0
0
0
0
0
0
0
0
0
0
0
8 8
0
0
0
0
0
0
0
0
0
0
0
0
0
0
0
0
0
0
0
0
0
0
0
0
sun.png
0 0
0
0
0
0
0
0
0
0
0
0
0
0
0
0
0
0
0
0
0
0
0
0
0
0
0 1
0
0
0
0
0
0
0
0
0
0
0
0
0
0
0
0
0
0
0
0
0
0
0
0
0 2
0
0
0
64
0
0
320
1768
0
0
0
0
0
8192
0
0
0
0
0
0
0
7680
11776
0
0 3
0
0
0
0
0
0
0
15872
24576
16384
0
0
0
0
0
0
0
0
0
0
56
64
2816
0
0 4
0
0
0
0
0
0
0
32768
0
65536
0
0
0
0
32768
32768
0
0
0
0
4
4
24624
0
0 5
0
96
8
8
0
0
0
64
0
0
0
0
0
0
12288
6144
3584
0
0
0
0
4096
0
0
0 6
7424
1792
0
248
0
0
0
8192
0
0
0
0
0
0
0
896
224
0
0
0
0
768
0
0
0 7
0
0
0
0
0
0
0
0
0
0
0
0
0
0
0
0
0
0
0
0
8
0
0
0
0 8
0
0
0
0
0
0
0
0
0
0
0
0
0
0
0
0
0
0
0
0
0
0
0
0
1 0
0
0
0
0
0
0
0
0
0
0
0
0
0
0
0
0
0
0
0
0
0
0
0
0
1 1
0
0
0
0
0
0
0
0
0
0
0
0
96
0
0
0
0
0
0
0
0
0
0
0
1 2
0
0
0
0
0
0
0
0
40
56
128
0
0
16
8
0
0
0
0
8192
49152
32768
0
0
1 3
0
0
4096
0
0
0
0
96
192
768
15872
0
0
0
256
128
16384
0
2560
3904
6144
22528
2048
0
1 4
0
0
64
32
0
0
0
0
3136
38912
6144
0
0
14336
0
0
512
0
0
88
4288
0
0
256
1 5
0
1024
512
0
0
0
0
0
36864
0
8
0
3840
768
128
104
0
0
0
6144
68
0
48
0
1 6
0
0
20480
32760
0
0
0
0
0
32
512
0
0
48
8
12
0
0
0
8224
0
0
0
0
1 7
0
0
0
0
0
0
0
0
0
0
0
0
0
0
1
0
0
0
64
0
0
0
0
0
1 8
0
0
0
0
0
0
0
0
0
0
0
0
0
0
0
0
0
0
0
0
0
0
0
0
2 0
0
0
0
0
0
0
0
0
0
0
0
0
0
0
0
0
0
0
0
0
0
0
0
0
2 1
0
0
4
0
0
0
0
24
0
0
0
0
0
0
16384
16384
4096
0
0
0
0
0
0
0
2 2
0
448
0
2
8
0
0
0
0
0
0
0
0
0
16384
32768
768
960
0
0
0
0
16
0
2 3
1024
0
104
40
0
0
0
0
68
4
24
0
0
16
6144
1536
13312
0
0
0
16384
256
0
0
2 4
1024
1024
33536
0
512
7040
0
32
4168
0
384
128
0
16
0
96
32
0
0
12288
3968
20480
2048
0
2 5
0
0
0
0
0
0
0
11264
3584
4096
8192
0
0
0
0
2
0
0
0
0
252
3840
9184
0
2 6
0
0
0
65472
16
0
0
7936
51200
32768
8192
0
0
0
0
0
0
0
0
0
20
184
20416
384
2 7
0
0
0
0
0
0
0
12288
32768
32768
0
0
0
0
0
0
0
0
0
0
8
24
224
0
2 8
0
0
0
0
0
0
0
0
0
0
0
0
0
0
0
0
0
0
0
0
0
0
6
0
3 0
0
0
16
24
0
0
0
4096
16384
0
0
0
0
0
12288
2048
0
0
0
0
0
0
48
0
3 1
0
1792
384
64
112
0
0
0
512
0
0
0
0
2560
768
384
208
0
0
0
4
4
0
0
3 2
0
0
4096
0
992
0
0
0
0
0
0
0
0
1792
2080
60
0
0
0
0
8
0
0
0
3 3
0
0
1536
0
0
256
0
0
0
0
0
0
0
96
32
64
32256
0
0
0
0
0
0
0
3 4
0
0
0
0
0
0
0
0
4
4
8216
0
0
16
2
0
0
0
0
0
0
0
0
0
3 5
0
0
0
0
512
0
0
2816
64
64
384
0
0
30720
64
0
0
0
0
14336
16384
8192
3072
0
3 6
0
0
256
49152
0
0
0
32
64
6208
15104
0
0
512
0
0
192
0
1520
3872
13184
28928
0
0
3 7
0
0
0
256
0
0
0
424
896
7168
27904
0
0
0
2048
32768
128
0
0
480
768
11776
6144
0
3 8
0
0
72
16
0
0
0
0
24576
57344
0
0
0
0
0
0
3072
0
0
112
84
64
0
0
4 0
0
0
0
0
256
0
0
496
448
256
8
0
1792
2816
704
0
0
0
0
1024
2048
22528
4096
0
4 1
0
1024
0
0
0
0
0
1120
6144
22528
12288
0
0
16
8204
2052
0
0
0
656
192
896
24320
896
4 2
0
0
65536
65536
16640
2048
1152
15624
32800
32768
16384
0
0
8216
0
0
8192
0
0
0
4
16408
2016
0
4 3
0
0
0
8
0
0
0
2048
4096
4096
512
0
0
0
0
16388
1008
0
0
0
130
226
1220
0
4 4
0
0
0
0
0
0
0
0
0
0
0
0
0
0
0
0
0
0
0
0
0
0
8
0
4 5
0
0
12
8
96
0
0
0
4
0
0
0
0
992
4096
4096
7168
0
0
0
65536
65536
32768
0
4 6
0
128
33028
0
0
0
0
24
2
0
16
0
0
0
16384
16576
7936
416
0
0
0
0
0
0
4 7
0
448
64
48
0
0
0
1024
32
24
96
0
0
6208
3072
1536
896
704
0
24576
32768
33280
0
0
4 8
0
3072
1536
0
0
0
0
0
4096
128
1792
4096
0
0
0
96
112
0
2432
2432
2048
0
0
0
5 0
0
0
0
0
0
0
0
0
4
4
24
0
0
0
0
0
0
0
0
32768
65536
65536
0
0
5 1
0
0
0
0
0
0
0
160
88
64
960
1152
0
0
0
32
0
0
0
15360
8192
12288
0
0
5 2
0
0
0
0
24576
0
0
96
12
3080
10272
0
0
0
0
512
0
0
256
17360
33280
98304
8192
0
5 3
0
0
0
0
0
0
0
0
896
768
880
0
0
2048
1024
0
0
0
0
9248
3076
31744
0
0
5 4
0
0
32
8
0
0
0
0
6152
61440
4096
0
0
0
12288
2048
0
0
0
112
224
0
0
0
5 5
0
0
768
128
8192
3328
0
0
1024
0
0
0
0
464
320
192
0
0
0
0
0
0
0
0
5 6
0
0
16384
248
112
0
0
0
0
0
0
0
0
3584
524
12
0
0
0
16384
0
0
0
0
5 7
0
0
4096
0
0
896
0
0
0
2048
64
0
0
192
32
56
16
0
0
0
0
0
0
0
5 8
0
0
0
0
0
0
0
0
0
0
8192
0
0
0
2
2
0
0
0
0
0
0
0
0
6 0
0
0
0
0
0
0
0
0
0
0
0
0
0
0
0
0
0
0
0
0
0
0
0
0
6 1
0
0
0
0
0
0
0
0
2
0
0
0
0
0
0
0
0
0
0
0
0
0
0
0
6 2
0
0
0
0
0
0
0
0
0
0
32
0
0
0
32768
32768
0
0
0
0
0
0
24576
0
6 3
0
96
8
4
0
0
0
64
0
8
56
0
0
0
28680
4096
3584
0
0
49152
65536
65536
0
0
6 4
3328
1664
0
0
64
0
1280
8928
0
0
4080
7424
448
8192
2048
928
248
128
0
0
0
3904
11776
0
6 5
0
0
0
0
0
0
0
15872
8192
16384
31744
0
0
16
4
16384
4096
0
1024
0
40
64
4992
0
6 6
0
0
0
98296
0
0
0
32768
0
0
0
0
0
0
4
0
0
0
0
0
4
4
48
0
6 7
0
0
0
65536
0
0
0
0
0
0
0
0
0
0
0
0
0
0
0
0
0
0
0
0
6 8
0
0
0
0
0
0
0
0
0
0
0
0
0
0
0
0
0
0
0
0
0
0
0
0
7 0
0
0
0
0
0
0
0
0
0
0
0
0
0
0
0
0
0
0
0
0
0
0
0
0
7 1
0
0
0
0
0
0
0
0
0
0
0
0
0
0
0
0
0
0
0
0
0
0
0
0
7 2
0
0
64
48
0
0
0
0
3136
0
0
0
0
14336
3072
0
0
0
0
0
4096
512
0
0
7 3
0
1024
1536
0
0
0
0
0
4096
0
0
0
3840
768
128
96
0
0
0
0
64
0
0
0
7 4
0
0
16384
0
0
0
0
32
40
16400
256
0
0
32
44
12
0
0
0
8192
49152
16384
0
0
7 5
0
0
4096
65536
0
0
0
160
472
768
24064
0
0
0
512
128
0
0
704
1984
2048
22528
2048
0
7 6
0
0
320
65408
0
0
0
0
3072
38912
14336
0
0
0
0
2048
0
0
0
184
448
0
0
0
7 7
0
0
0
0
0
0
0
0
32768
0
0
0
0
0
0
0
0
0
0
0
0
0
0
0
7 8
0
0
0
0
0
0
0
0
0
0
0
0
0
0
0
0
0
0
0
0
0
0
0
0
8 0
0
0
0
0
0
0
0
0
0
0
0
0
0
0
0
0
0
0
0
0
0
0
0
0
8 1
0
0
0
0
0
0
0
0
0
0
0
0
0
0
0
0
0
0
0
0
0
0
0
0
8 2
0
0
0
0
0
4800
0
0
0
48
128
0
0
16
0
0
0
0
0
0
0
0
0
0
8 3
0
0
0
0
0
0
0
0
0
0
8192
0
0
0
0
2
0
0
128
0
0
0
0
0
8 4
0
0
0
0
0
0
0
0
0
0
0
0
0
0
0
0
0
0
0
0
0
0
0
0
8 5
0
0
0
0
0
0
0
0
4
4
24
0
0
16
4
0
0
0
0
0
0
65536
0
0
8 6
0
0
0
57344
0
0
0
0
0
0
896
1600
0
0
0
0
0
0
0
8192
0
0
0
0
8 7
0
0
0
0
0
0
0
0
0
0
16384
0
0
0
0
0
0
0
0
0
0
0
0
0
8 8
0
0
0
0
0
0
0
0
0
0
0
0
0
0
0
0
0
0
0
0
0
0
0
0
dog8.png
0 0
0
496
896
0
0
0
0
120
8
8
0
0
0
0
128
41408
16256
0
0
1024
12356
16900
16384
0
0 1
3072
7576
32
640
32
0
128
8064
448
768
0
0
0
0
1024
16640
24688
32
0
16
21504
6148
28464
0
0 2
0
1200
140
8
0
0
0
28672
2048
2048
10240
0
0
18432
0
33024
8168
0
0
0
104
64
1472
0
0 3
32
448
8
4
0
0
0
0
0
0
0
0
0
0
0
30720
960
256
0
0
0
0
0
0
0 4
0
2048
32
0
0
0
0
16960
0
0
0
0
0
0
4096
0
32
0
0
0
0
0
14336
0
0 5
0
32
0
0
0
0
0
14336
45056
0
0
0
0
0
0
0
16384
0
0
0
0
60
12032
0
0 6
0
120
0
0
0
0
0
72
65536
65536
0
0
0
0
16384
0
8096
0
0
0
2
0
25072
0
0 7
1024
1984
0
4
0
0
0
9472
0
0
0
0
0
0
51200
32768
992
0
0
0
24576
0
184
0
0 8
256
4480
1024
0
0
0
0
256
12544
0
0
0
0
0
128
512
32504
0
0
0
1216
960
0
0
1 0
0
1072
260
132
384
1024
0
1088
32
6144
512
0
0
0
4940
18512
30728
0
0
512
32
4096
1152
0
1 1
1024
3592
65920
112
128
0
0
12320
16456
196
16
0
0
1536
54288
33860
9728
0
0
16384
59584
51200
8224
0
1 2
0
0
18432
200
32
0
0
0
62208
96
216
256
0
14608
18084
4128
12304
0
0
20240
1672
1520
16
0
1 3
0
16
0
4096
16
0
0
0
0
20480
48128
0
0
15872
64
0
28672
0
0
29688
4
0
0
0
1 4
0
0
4
0
0
0
0
752
40
16432
256
0
0
1024
68
0
0
0
0
25376
49156
0
13312
0
1 5
0
7792
0
1312
0
0
0
5104
32832
2176
32000
0
0
0
18432
0
0
0
0
912
15360
6144
4096
0
1 6
512
7680
204
196
0
0
0
16416
2048
19520
3072
0
0
0
800
20480
40
0
0
0
4320
704
0
0
1 7
0
768
4320
296
448
4352
0
3072
0
4096
0
0
128
3968
18732
1536
57344
0
0
0
4
72
26624
0
1 8
0
512
256
55456
0
0
0
0
384
172
0
0
0
64
3996
4200
19712
0
0
16
9216
4224
192
0
2 0
0
0
16480
2176
40
0
768
12448
18472
12384
24
0
0
8192
54272
17464
3844
0
0
0
4224
128
8480
0
2 1
0
2048
35008
16486
64
0
0
16416
3880
8200
2360
0
0
0
4096
6342
40
0
0
8192
32768
36672
16384
0
2 2
256
32
69640
74912
0
0
0
64
4128
2128
16
0
0
0
1538
3430
2208
0
0
4864
2068
1572
0
0
2 3
768
256
8
0
0
0
0
12288
0
4096
224
4640
0
0
0
0
8640
0
480
7488
0
0
96
0
2 4
256
0
0
0
0
0
0
0
0
8
0
0
0
0
0
0
0
256
0
28672
20480
0
0
0
2 5
0
0
6146
0
16
0
256
0
4
1024
0
0
0
16384
32772
65536
0
0
0
3040
64
0
0
0
2 6
0
192
32792
2048
220
0
3072
2560
64
49152
4096
0
0
2048
16384
0
3072
0
0
16648
0
2048
96
512
2 7
512
2304
68040
32892
8192
640
0
4096
20552
8
128
0
0
160
30720
768
448
128
0
8388
2
0
1224
0
2 8
0
8192
33280
4136
0
0
0
0
12288
0
2048
0
0
8
350
19296
16
0
0
0
1024
37344
0
0
3 0
0
0
5132
2056
544
0
0
64
18432
1576
96
0
0
384
3168
28672
48
0
0
4224
768
2976
2304
0
3 1
64
0
19648
81920
88
1024
0
0
40
17152
128
0
256
26656
288
768
192
0
0
28672
2052
16646
48
0
3 2
0
512
71560
68
0
0
320
128
36352
0
1280
576
0
240
580
16552
0
0
1152
224
4
3072
12288
0
3 3
1024
3648
65536
1032
0
0
0
2056
16384
49152
0
0
0
4096
256
16390
0
3712
0
0
1024
24
704
0
3 4
0
0
0
32
0
0
0
0
32
0
0
0
0
0
0
12288
0
0
0
64
10
0
12
0
3 5
0
0
0
8
16
0
0
64
0
0
0
0
0
4096
0
0
0
0
0
0
8192
0
0
0
3 6
0
0
0
0
1024
0
0
32
56
832
0
0
0
1536
0
0
0
0
0
1024
16576
8192
0
0
3 7
0
0
16640
16384
96
1024
0
32384
1536
5896
8
0
0
17600
4224
1280
0
0
0
24
512
1280
32
512
3 8
0
0
4416
73280
0
0
0
12288
128
16480
4608
0
0
4
2720
2068
8320
0
0
32
20
3096
208
0
4 0
0
0
8
0
16
1024
0
1024
416
920
0
0
0
12288
8
772
0
0
0
4096
2048
6144
2048
0
4 1
0
192
4096
32780
0
0
0
640
6144
26624
7216
0
0
128
18432
8320
0
0
384
20608
65656
66048
512
0
4 2
256
12544
64
9280
0
0
0
64
32
72
7232
0
0
28
390
770
768
0
0
14400
24584
8228
0
0
4 3
0
4096
64
8
0
0
0
7168
1792
512
256
0
0
96
14336
512
32
0
0
9696
3840
1536
7168
768
4 4
0
576
8
0
0
0
0
0
49152
16384
6144
0
0
0
0
64
8192
0
0
208
20
16
64
0
4 5
0
0
0
0
0
0
0
0
0
0
0
0
0
49152
0
0
0
0
0
0
0
0
0
0
4 6
0
0
8
0
0
256
0
0
0
0
8
0
384
8
4096
26624
0
0
0
0
0
8192
0
0
4 7
512
3328
32
4
25728
1824
0
960
32
12
0
0
192
496
4288
2060
192
160
0
4096
0
192
3584
0
4 8
256
64
180480
0
0
0
0
6144
4136
5640
16
2144
0
160
108
3080
4288
0
192
32
768
16480
0
0
5 0
0
0
0
0
8208
0
0
16
12
8
432
0
0
192
0
4
0
0
0
8192
32768
32768
0
0
5 1
0
0
0
0
0
0
0
0
0
256
24656
7232
1024
832
32
128
0
0
0
3584
4096
0
0
0
5 2
0
0
0
64
0
0
0
0
0
32768
8192
0
0
16
1024
0
0
0
0
56
0
0
0
0
5 3
0
0
98304
65536
5888
0
0
448
96
24
16384
0
0
1024
16576
4
512
0
0
8192
2048
0
0
0
5 4
0
0
1088
40
0
0
832
6144
3072
1536
1216
1056
0
0
4
1024
192
0
704
10688
672
1536
24576
2560
5 5
0
224
4
0
48
0
0
4120
0
49152
8192
0
0
7936
0
0
8192
0
0
32
16392
40
480
0
5 6
512
0
0
0
8
0
0
1536
4096
1024
0
0
0
7680
256
3840
0
128
0
15360
128
0
0
0
5 7
0
0
4096
0
0
256
0
552
8
512
128
0
0
10624
216
12
0
0
0
7472
0
16384
57344
0
5 8
0
0
16384
0
0
0
0
0
12
32864
6160
0
0
64
32768
24
64
0
0
400
45064
16384
64
0
6 0
0
0
0
0
0
0
0
0
0
0
0
0
0
0
0
0
0
0
0
0
0
0
0
0
6 1
0
0
0
0
0
0
0
0
0
0
0
0
0
0
0
0
0
0
0
0
0
0
0
0
6 2
0
0
0
0
0
0
0
0
0
0
0
0
0
0
0
0
0
0
0
0
0
0
0
0
6 3
0
0
0
0
0
0
0
0
0
2
8
0
0
16
0
0
4
0
0
0
0
131072
0
0
6 4
0
0
0
0
0
0
0
128
40
60
96
0
0
0
0
24
0
0
0
0
4096
16384
0
0
6 5
0
0
66560
576
32
4096
0
112
392
1536
128
2048
0
8248
4224
3200
384
0
1600
64
128
17664
18432
0
6 6
0
192
0
8
0
0
0
15360
4096
56
4096
0
0
0
0
4096
5120
0
0
32
12316
224
27264
0
6 7
0
24
0
2
0
0
1024
24576
0
0
0
0
0
0
0
0
8200
0
0
256
4
4
20432
3456
6 8
0
0
132
64
0
0
0
0
1024
8
8
0
0
0
4096
1536
0
128
0
0
0
32
1016
0
7 0
0
0
0
0
0
0
0
0
0
0
0
0
0
0
0
0
0
0
0
0
0
8
0
0
7 1
0
0
0
0
0
0
0
0
0
0
0
0
0
0
0
0
0
0
0
0
0
0
0
0
7 2
0
0
0
0
0
0
0
0
0
0
0
0
0
0
0
0
0
0
0
0
0
0
0
0
7 3
0
0
0
0
0
0
0
0
0
0
0
0
0
0
0
0
0
0
0
0
0
0
0
0
7 4
0
0
0
0
0
64
0
0
0
0
0
0
0
0
0
0
0
0
0
0
0
0
0
0
7 5
0
0
0
0
0
0
0
0
0
0
32
0
0
0
32
8
0
0
0
16384
49152
0
0
0
7 6
0
8
0
65536
0
0
0
0
176
128
1536
64
0
0
0
4
96
512
1120
288
2048
6144
0
0
7 7
0
0
768
32
16
0
0
256
512
3072
8192
0
0
5632
23552
32768
0
0
0
32
16608
20480
1024
0
7 8
0
96
2316
0
0
0
0
8
96
1536
0
0
0
4272
3200
26112
18432
0
0
0
928
16640
0
0
8 0
0
0
0
0
0
0
0
0
0
0
0
0
0
0
0
0
0
0
0
24
0
0
0
0
8 1
0
0
0
8
0
0
0
544
0
0
0
0
0
0
0
0
0
0
0
0
0
0
0
0
8 2
0
384
64
8
0
0
0
0
4096
0
0
0
0
0
4096
0
1024
0
0
0
0
0
0
0
8 3
0
0
0
0
0
0
512
0
0
0
0
0
0
16384
0
0
0
0
0
0
0
0
16384
512
8 4
0
0
0
0
0
0
0
0
0
0
0
0
0
0
0
16384
0
0
0
0
0
0
256
0
8 5
0
0
0
640
0
0
0
0
0
0
0
0
0
0
768
0
0
0
0
0
768
0
0
0
8 6
0
512
0
0
0
4608
0
1152
0
2
16
0
0
8
4096
16392
0
0
0
0
4
16384
8192
0
8 7
0
0
248
32840
160
0
0
200
4096
0
0
0
0
568
9224
1024
0
0
0
0
0
0
0
0
8 8
1024
3584
2048
1152
0
1024
0
8192
0
12
0
256
0
112
706
892
40
0
1024
0
0
4096
0
0
dog9.png
0 0
0
0
0
8
480
0
0
3072
0
8
0
0
0
2816
0
4096
0
0
0
0
16384
4096
1088
0
0 1
0
2136
1536
0
0
0
0
4096
384
768
0
0
0
0
6976
64
128
0
0
0
1536
48
80
0
0 2
0
240
0
0
0
0
0
0
32768
32768
11776
0
0
0
0
0
3584
0
0
384
12
0
0
0
0 3
0
0
0
0
0
0
0
0
0
0
0
0
0
0
0
0
0
0
0
0
0
0
0
0
0 4
0
0
0
0
0
0
0
0
0
0
0
0
0
0
0
0
0
0
0
0
0
0
0
0
0 5
0
0
0
0
0
0
0
0
0
0
0
0
0
0
0
0
0
0
0
0
0
0
0
0
0 6
0
0
0
0
0
0
0
0
0
0
0
0
0
0
0
0
0
0
0
0
0
0
0
0
0 7
0
0
0
0
0
0
0
0
0
0
0
0
0
0
0
0
0
0
0
0
0
0
0
0
0 8
0
0
0
0
0
0
0
0
0
0
0
0
0
0
0
0
0
0
0
0
0
0
0
0
1 0
0
0
0
960
0
0
3392
1920
2080
0
0
0
0
440
4480
32768
0
0
0
0
8192
8192
28032
512
1 1
0
7104
208
32
0
0
0
4288
18640
16384
512
0
0
0
4164
1612
3680
0
0
928
72
52424
448
0
1 2
0
384
288
0
0
0
0
32
19968
2048
912
0
0
0
0
0
112
128
0
28160
32
1280
0
0
1 3
0
0
32
8
0
0
1344
5408
49152
0
0
0
0
0
0
0
0
0
0
0
0
48
31744
3072
1 4
0
0
0
0
0
0
0
15360
49152
0
16384
0
0
0
0
0
0
0
0
0
32
48
1008
0
1 5
0
0
0
0
0
0
0
0
0
0
0
0
0
0
0
0
0
0
0
4
2
2
4
0
1 6
0
4
0
0
4
0
4160
0
0
0
0
0
0
0
0
0
0
0
0
0
0
0
16384
0
1 7
0
0
0
0
0
0
0
0
0
0
0
0
0
0
0
0
7424
0
0
0
0
0
96
0
1 8
1088
0
0
0
0
0
0
0
65536
0
0
0
0
0
0
0
0
2144
0
0
0
0
10
0
2 0
0
0
0
40960
2048
0
0
160
8
40
0
0
0
16
20
0
0
0
0
0
28672
53248
0
0
2 1
0
8192
64
128
0
0
2048
704
896
772
5080
0
0
768
32
8
0
0
0
53184
768
1536
2560
1024
2 2
0
256
16416
0
0
0
0
0
28672
20536
14760
0
0
0
4
16384
0
0
0
32704
16432
88
0
0
2 3
0
0
65536
64
0
0
0
0
104
16
31744
0
0
0
128
0
8192
0
0
960
22528
18435
4096
0
2 4
0
8
0
704
0
0
0
0
504
7552
8064
0
0
0
128
0
28672
0
0
176
960
14848
16392
0
2 5
0
248
72
0
0
0
0
24
896
57344
0
0
0
0
0
6656
32512
320
0
0
196
31936
25856
0
2 6
0
1984
104
8
128
0
0
1056
8200
0
0
0
0
3584
16384
35840
4088
0
0
0
32
964
4048
0
2 7
0
5888
768
448
0
0
0
8192
6912
2048
0
0
0
0
1408
3064
2296
0
0
0
1408
1044
24
0
2 8
0
256
0
0
0
0
0
0
0
0
512
0
0
0
8
0
568
0
0
512
44
0
0
0
3 0
0
0
0
0
0
0
0
0
1
0
0
0
0
0
0
0
0
0
0
0
0
0
0
0
3 1
0
0
0
0
0
0
0
224
8
8
32
0
0
0
0
0
0
0
0
12288
49152
16384
0
0
3 2
0
0
0
64
0
0
0
0
11776
384
896
9536
0
0
16384
0
0
0
2048
896
1024
320
384
0
3 3
0
56
0
8
0
0
0
0
448
0
8192
0
0
0
24576
0
16384
0
0
48
8
2048
0
0
3 4
0
0
32
48
8192
0
0
0
64
12296
60
0
0
0
24320
8192
0
0
0
61440
70704
0
0
0
3 5
0
3800
81920
240
8216
0
0
0
0
1040
2032
6784
0
256
456
40
7936
0
2048
30984
124
0
0
0
3 6
0
0
0
128
0
384
0
0
0
256
29856
512
160
9736
116
0
0
0
32
896
0
0
0
0
3 7
0
0
0
53248
0
0
0
0
4
0
8192
0
0
56
28
36
0
0
0
0
32768
32768
0
0
3 8
0
0
0
0
0
0
0
0
0
0
8
0
0
0
4
0
8
0
0
16384
0
0
0
0
4 0
0
0
0
0
0
0
0
0
0
0
0
0
0
0
0
0
0
0
0
0
0
0
0
0
4 1
0
0
0
0
0
0
0
0
0
0
0
0
0
0
0
0
0
0
0
0
0
0
0
0
4 2
0
0
0
4124
0
0
0
0
192
44
0
0
0
0
28544
0
0
0
0
0
49152
4096
0
0
4 3
0
69112
0
32768
4
96
0
0
0
0
404
448
0
16384
32768
0
3968
0
4352
1536
0
0
0
0
4 4
0
0
40
256
0
0
0
0
0
0
0
640
0
24
64
15360
0
0
0
0
0
1024
0
0
4 5
0
3072
0
0
0
0
0
0
0
0
0
0
0
0
4
0
104
0
0
0
0
0
0
0
4 6
0
0
0
0
0
0
0
0
0
0
0
0
0
0
0
0
0
0
0
0
0
0
0
0
4 7
0
0
0
0
0
0
0
0
0
0
0
0
0
0
0
0
0
0
0
0
0
0
0
0
4 8
0
0
0
0
0
0
0
0
0
0
0
0
0
0
0
0
0
0
0
0
0
0
0
0
5 0
0
0
0
0
0
0
0
0
0
0
0
0
0
0
0
0
0
0
0
0
0
0
0
0
5 1
0
0
0
0
0
0
0
0
0
0
0
0
0
0
0
0
0
0
0
0
0
0
0
0
5 2
0
0
8
320
0
0
0
0
28800
0
0
0
0
0
1020
2048
0
0
0
0
0
8288
0
0
5 3
0
28416
8
0
192
0
512
2056
0
0
57344
0
0
3072
16384
16384
252
0
0
4152
0
0
11264
0
5 4
0
128
1952
16384
0
0
576
16064
1024
6144
0
0
0
0
8
1792
0
0
0
0
64
1888
25792
512
5 5
0
512
65536
65536
0
0
0
38912
94208
73728
0
0
0
0
0
2
4
0
0
0
32
60
464
0
5 6
0
0
0
0
0
0
0
0
0
131072
0
0
0
0
0
0
0
0
0
0
2
2
0
0
5 7
0
0
0
0
0
0
0
0
0
0
0
0
0
0
0
0
0
0
0
0
0
0
0
0
5 8
0
0
0
0
0
0
0
0
0
0
0
0
0
0
0
0
0
0
0
0
0
0
0
0
6 0
0
0
0
0
0
0
0
0
0
0
0
0
0
0
0
0
0
0
0
0
0
0
0
0
6 1
0
0
0
0
0
0
0
0
0
0
0
0
0
0
0
0
0
0
0
0
0
0
0
0
6 2
0
0
0
8128
0
0
1024
2704
960
0
0
0
0
0
40
0
0
0
0
0
0
19456
15872
0
6 3
0
2680
0
0
0
4096
0
1584
0
4096
1024
0
512
24
0
4
23580
0
0
768
98336
98336
29568
0
6 4
0
0
0
1088
3328
0
0
65248
16632
408
896
0
0
0
4
12
48
0
0
3584
58368
21504
8144
7424
6 5
512
8
1284
512
0
0
0
13272
103808
40832
64000
0
0
24
0
0
16384
128
0
456
224
3458
31676
512
6 6
0
560
0
8
0
0
0
2032
4096
32768
10240
0
0
8192
40960
32768
768
0
0
48
56
16392
4480
0
6 7
0
3072
32
0
0
0
0
30720
0
0
0
0
0
0
0
2176
968
0
0
0
0
0
56
0
6 8
0
0
0
0
0
0
0
0
0
0
0
0
0
0
0
0
0
0
0
16
4
0
0
0
7 0
0
0
0
0
0
0
0
0
0
0
0
0
0
0
0
0
0
0
0
0
0
0
0
0
7 1
0
0
0
0
0
0
0
0
0
0
0
0
0
0
0
0
0
0
0
0
0
0
0
0
7 2
0
0
0
0
0
0
0
32
8
8
0
0
0
0
0
0
0
0
0
0
32768
16384
0
0
7 3
0
0
0
104
0
0
0
0
16
488
2784
0
0
0
16384
0
0
0
0
5120
17408
0
0
0
7 4
0
0
0
1800
0
768
0
30288
748
32514
8
0
0
0
4376
0
0
0
0
32784
73216
83968
2016
0
7 5
0
0
32768
32768
1056
0
0
1904
4984
64556
6160
256
0
0
0
0
0
0
0
14336
29040
20288
3072
0
7 6
0
0
1096
5168
96
256
0
504
4864
50928
16128
896
1024
2080
16448
16384
0
0
448
3568
36
11520
8192
0
7 7
0
0
0
192
0
0
0
1536
7424
20496
16512
0
0
32
3276
776
0
0
0
16
2080
832
0
0
7 8
0
0
0
0
0
0
0
0
0
0
1024
0
0
0
0
12
24
0
1728
128
0
0
0
0
8 0
0
0
0
0
0
0
0
0
0
0
0
0
0
0
0
0
0
0
0
0
0
0
0
0
8 1
0
0
0
0
0
0
0
0
0
0
0
0
0
0
0
0
0
0
0
0
0
0
0
0
8 2
0
0
0
0
0
0
0
0
0
0
0
0
0
0
0
0
0
0
0
0
0
0
0
0
8 3
0
0
0
0
0
0
0
0
0
0
0
0
0
0
0
0
0
0
0
0
0
0
0
0
8 4
0
0
0
0
480
0
0
896
12
16
48
0
0
16
0
0
0
0
0
16384
16384
32768
7168
0
8 5
0
0
512
0
0
0
0
0
2
8
112
64
0
0
0
0
0
0
0
24576
52224
16384
0
0
8 6
0
0
0
0
0
256
0
0
0
88
3536
6272
3840
0
0
0
0
0
192
14464
32768
0
0
0
8 7
0
0
0
0
0
0
0
0
0
0
1024
0
0
80
16
0
0
0
64
128
32768
0
0
0
8 8
0
0
0
0
0
0
0
0
0
0
0
512
0
0
4
4
16
0
2944
0
0
0
0
0
